1.0 1.0
1.0 1.0
1.0 1.0
1.0 1.0
1.0 1.0
2.0 2.0
2.0 2.0
2.0 2.0
1.0 1.0
2.0 2.0
2.0 2.0
2.0 2.0
2.0 2.0
2.0 2.0
2.0 2.0
3.0 3.0
3.0 3.0
3.0 3.0
2.0 2.0
3.0 3.0
3.0 3.0
3.0 3.0
3.0 2.0
3.0 3.0
2.0 2.0
3.0 3.0
3.0 2.54
3.0 3.0
3.0 3.0
3.0 3.0
3.0 3.0
4.0 4.0
3.0 3.0
4.0 4.0
3.0 3.0
4.0 4.0
4.0 3.0
3.0 3.0
4.0 4.0
4.0 3.0
4.0 3.7
4.0 4.0
4.0 4.0
4.0 3.68
4.0 3.42
4.0 3.44
4.0 4.0
4.0 3.28
4.0 4.0
4.0 4.0
3.0 3.0
3.0 3.0
4.0 4.0
5.0 5.0
5.0 5.0
4.0 4.0
5.0 5.0
5.0 4.48
5.0 5.0
5.0 4.0
5.0 4.92
5.0 4.72
5.0 4.36
5.0 4.0
4.0 3.7
5.0 4.0
5.0 4.7
5.0 3.52
5.0 5.0
5.0 4.22
5.0 4.4
4.0 4.0
5.0 4.88
5.0 4.5
5.0 4.74
5.0 5.0
5.0 5.0
6.0 6.0
5.0 5.0
4.0 4.0
6.0 4.92
6.0 5.0
6.0 6.0
5.0 4.0
6.0 5.0
6.0 6.0
5.0 4.42
6.0 5.6
6.0 5.5
6.0 5.0
6.0 4.74
5.0 5.0
6.0 4.96
6.0 5.12
5.0 4.72
6.0 4.98
6.0 4.58
6.0 5.28
6.0 5.84
6.0 4.56
6.0 4.84
6.0 6.0
6.0 5.26
6.0 5.5
6.0 5.0
4.0 4.0
6.0 6.0
7.0 7.0
6.0 6.0
6.0 6.0
7.0 7.0
7.0 6.0
6.0 6.0
6.0 6.0
7.0 7.0
7.0 6.0
7.0 6.0
5.0 5.0
7.0 6.0
7.0 5.0
6.0 5.46
7.0 6.08
7.0 6.0
7.0 6.4
7.0 5.84
7.0 5.8
7.0 5.0
7.0 5.76
7.0 6.06
6.0 5.68
7.0 5.84
7.0 6.72
7.0 6.0
7.0 6.06
7.0 6.38
7.0 6.02
7.0 6.14
7.0 6.04
7.0 5.24
7.0 5.44
7.0 7.0
7.0 7.0
6.0 6.0
8.0 8.0
6.0 6.0
7.0 7.0
7.0 7.0
8.0 7.0
8.0 8.0
6.0 5.62
8.0 6.0
8.0 6.0
8.0 8.0
8.0 7.56
8.0 8.0
8.0 7.0
8.0 7.74
7.0 6.54
8.0 6.48
7.0 6.26
7.0 5.98
8.0 6.96
8.0 7.0
8.0 6.56
8.0 6.94
8.0 7.0
8.0 7.0
7.0 6.84
8.0 7.24
8.0 6.76
8.0 5.88
8.0 7.08
7.0 6.88
8.0 6.7
8.0 7.22
8.0 6.82
8.0 6.12
8.0 6.4
8.0 7.34
8.0 6.7
8.0 8.0
8.0 8.0
7.0 7.0
8.0 8.0
8.0 8.0
9.0 9.0
8.0 8.0
8.0 8.0
8.0 8.0
9.0 8.96
8.0 7.0
8.0 6.9
8.0 7.58
9.0 7.0
9.0 8.0
9.0 8.0
9.0 8.0
9.0 7.0
8.0 6.0
9.0 7.76
9.0 8.0
8.0 7.2
9.0 7.98
9.0 7.0
9.0 8.68
9.0 7.72
9.0 7.56
9.0 7.1
9.0 8.0
9.0 8.02
9.0 7.8
9.0 8.26
9.0 8.22
9.0 7.96
9.0 7.54
9.0 6.72
9.0 7.36
9.0 7.1
9.0 8.48
9.0 6.52
9.0 8.62
8.0 7.28
9.0 8.08
9.0 8.0
9.0 8.08
9.0 9.0
9.0 9.0
8.0 8.0
7.0 7.0
8.0 8.0
9.0 7.96
9.0 9.0
8.0 7.44
9.0 9.0
9.0 9.0
9.0 8.0
9.0 9.0
8.0 8.0
10.0 10.0
9.0 8.16
9.0 8.0
10.0 9.3
8.0 7.72
9.0 9.0
10.0 8.0
9.0 7.96
9.0 7.94
9.0 8.0
10.0 9.36
10.0 9.6
10.0 8.5
10.0 8.4
10.0 8.48
10.0 9.0
10.0 7.58
9.0 8.02
10.0 7.86
10.0 8.06
10.0 7.74
9.0 8.34
10.0 8.0
10.0 7.44
10.0 8.88
10.0 9.18
10.0 8.14
10.0 7.78
10.0 8.24
10.0 9.7
10.0 8.7
10.0 8.1
10.0 7.66
10.0 8.18
10.0 8.36
10.0 8.54
10.0 9.16
8.0 8.0
9.0 9.0
9.0 9.0
9.0 9.0
9.0 9.0
10.0 9.0
10.0 10.0
9.0 9.0
10.0 9.0
9.0 9.0
10.0 9.0
10.0 8.5
11.0 11.0
10.0 9.0
11.0 9.38
11.0 9.0
10.0 9.5
11.0 9.24
10.0 7.16
11.0 7.64
11.0 9.0
11.0 9.5
11.0 7.96
11.0 9.5
11.0 10.16
11.0 8.0
11.0 9.5
11.0 9.12
11.0 9.06
10.0 9.18
11.0 10.64
11.0 8.6
11.0 9.14
11.0 9.1
10.0 9.04
11.0 9.78
11.0 9.86
11.0 9.24
11.0 8.88
11.0 7.9
10.0 8.38
11.0 10.0
11.0 9.92
11.0 9.12
11.0 8.0
11.0 8.88
11.0 8.62
10.0 9.52
11.0 9.02
11.0 9.36
11.0 9.12
11.0 9.44
11.0 9.36
10.0 8.06
11.0 9.8
11.0 11.0
11.0 10.08
10.0 10.0
11.0 11.0
10.0 10.0
11.0 9.0
12.0 11.0
10.0 9.44
11.0 10.0
11.0 10.92
12.0 10.54
11.0 10.5
11.0 9.08
11.0 8.0
11.0 10.2
11.0 9.0
11.0 9.98
11.0 9.0
12.0 9.64
11.0 9.0
11.0 10.16
11.0 9.0
12.0 11.3
12.0 11.66
11.0 8.58
12.0 8.54
12.0 9.92
12.0 10.24
12.0 10.84
12.0 9.32
12.0 10.66
12.0 9.18
11.0 8.86
11.0 9.16
12.0 10.7
12.0 11.0
11.0 9.46
12.0 9.92
12.0 10.22
12.0 10.08
12.0 9.84
11.0 9.08
12.0 9.64
12.0 10.38
12.0 9.6
12.0 10.34
12.0 10.3
11.0 8.84
12.0 10.44
12.0 10.48
11.0 10.34
12.0 10.18
12.0 10.4
12.0 10.16
12.0 9.6
12.0 9.0
11.0 10.4
12.0 12.0
12.0 11.94
12.0 12.0
13.0 11.28
12.0 11.98
11.0 9.76
12.0 11.0
13.0 12.0
11.0 10.0
11.0 9.8
11.0 10.8
13.0 10.68
13.0 10.74
13.0 10.16
13.0 10.92
12.0 10.64
13.0 12.2
12.0 11.0
12.0 11.1
12.0 11.28
12.0 10.36
13.0 11.84
12.0 10.22
13.0 10.82
12.0 10.98
13.0 9.6
13.0 11.22
13.0 11.52
13.0 12.22
13.0 10.44
13.0 11.38
13.0 10.12
13.0 12.06
13.0 10.26
12.0 10.38
13.0 11.22
13.0 10.62
13.0 10.76
13.0 11.66
13.0 10.96
12.0 9.86
13.0 10.74
13.0 11.46
13.0 10.58
13.0 11.7
13.0 11.2
13.0 10.02
13.0 11.14
13.0 10.08
13.0 11.06
13.0 10.76
13.0 10.34
13.0 11.06
14.0 13.0
13.0 11.18
13.0 11.78
14.0 12.0
14.0 12.68
13.0 12.0
12.0 11.12
12.0 10.58
13.0 12.42
12.0 11.66
13.0 11.8
14.0 13.0
13.0 11.92
14.0 13.12
14.0 11.58
14.0 12.88
14.0 11.0
14.0 10.56
14.0 13.26
14.0 11.28
14.0 11.98
13.0 11.16
14.0 10.38
14.0 11.56
13.0 11.14
14.0 11.6
14.0 10.78
13.0 10.28
14.0 11.68
14.0 11.02
14.0 10.54
13.0 11.76
14.0 13.0
14.0 12.64
14.0 11.66
14.0 13.24
14.0 10.5
14.0 11.92
14.0 11.38
14.0 12.06
14.0 10.6
14.0 12.12
13.0 10.26
14.0 12.28
14.0 11.38
14.0 11.28
14.0 11.48
14.0 11.38
14.0 11.7
14.0 12.12
14.0 11.02
14.0 9.34
14.0 12.24
14.0 11.7
14.0 11.9
14.0 10.76
14.0 13.08
15.0 13.66
14.0 13.46
14.0 13.02
15.0 11.98
15.0 13.54
14.0 11.7
14.0 11.48
14.0 11.74
14.0 13.26
15.0 14.14
14.0 12.98
15.0 12.48
15.0 12.48
15.0 12.02
14.0 11.84
14.0 12.34
14.0 12.36
14.0 12.56
15.0 12.6
14.0 12.14
15.0 12.4
14.0 11.54
15.0 13.26
15.0 12.9
15.0 13.22
14.0 13.0
14.0 13.5
15.0 13.22
15.0 12.2
15.0 12.12
15.0 10.7
15.0 12.44
15.0 11.92
15.0 11.8
15.0 12.8
15.0 11.74
15.0 12.48
15.0 12.86
15.0 12.2
15.0 12.24
15.0 10.82
15.0 12.94
15.0 12.5
15.0 13.24
15.0 12.14
15.0 12.92
15.0 12.48
15.0 12.56
15.0 11.98
15.0 12.46
15.0 11.78
15.0 12.06
15.0 12.54
15.0 13.06
15.0 13.76
14.0 11.92
15.0 13.64
15.0 13.02
16.0 11.0
16.0 12.52
16.0 12.72
14.0 12.24
16.0 12.94
16.0 13.38
16.0 13.76
15.0 12.7
16.0 14.16
16.0 14.62
16.0 13.44
16.0 13.88
15.0 13.4
16.0 12.84
16.0 13.5
16.0 13.2
16.0 12.8
16.0 14.0
15.0 13.48
15.0 13.44
16.0 13.66
16.0 13.54
16.0 13.22
15.0 11.8
16.0 12.8
16.0 14.28
15.0 12.64
15.0 13.36
16.0 13.82
16.0 11.96
16.0 12.86
16.0 14.14
16.0 15.02
16.0 14.02
16.0 12.36
16.0 13.0
16.0 12.74
16.0 12.12
16.0 13.78
16.0 12.2
16.0 12.76
16.0 13.34
16.0 13.12
16.0 13.56
16.0 12.62
16.0 12.66
16.0 13.88
16.0 13.96
16.0 13.86
16.0 13.96
15.0 12.88
16.0 13.18
16.0 12.72
16.0 14.34
17.0 15.0
17.0 14.72
17.0 14.2
17.0 14.02
17.0 13.48
17.0 14.0
17.0 15.96
17.0 13.78
17.0 13.68
17.0 14.54
17.0 13.74
17.0 13.54
15.0 12.44
16.0 14.06
17.0 14.3
16.0 13.54
17.0 15.48
17.0 15.1
16.0 14.68
17.0 13.62
17.0 14.12
17.0 12.72
17.0 13.62
17.0 14.64
17.0 12.84
17.0 13.3
17.0 14.42
17.0 14.54
17.0 11.98
17.0 14.88
16.0 13.74
17.0 14.88
16.0 13.84
17.0 14.38
17.0 14.78
17.0 13.3
17.0 14.38
17.0 14.06
17.0 15.48
16.0 13.74
17.0 14.06
17.0 14.06
17.0 12.64
17.0 13.62
17.0 14.46
17.0 13.46
17.0 13.88
17.0 13.78
16.0 13.86
17.0 13.94
17.0 14.0
18.0 15.5
17.0 14.9
17.0 13.54
18.0 13.96
17.0 13.42
17.0 14.5
17.0 14.1
17.0 14.9
17.0 14.94
17.0 13.12
18.0 15.08
18.0 15.58
16.0 13.58
18.0 13.72
18.0 15.32
17.0 14.58
17.0 14.1
18.0 14.2
17.0 14.3
17.0 15.02
18.0 14.56
18.0 14.98
18.0 15.22
18.0 13.76
18.0 15.28
18.0 14.68
18.0 15.22
18.0 14.26
18.0 15.42
18.0 14.44
18.0 15.58
18.0 14.92
18.0 13.92
17.0 14.42
18.0 14.78
18.0 14.78
18.0 14.58
18.0 14.18
18.0 15.76
18.0 16.2
18.0 15.68
18.0 15.24
18.0 15.0
18.0 15.92
18.0 15.22
17.0 13.88
18.0 13.92
18.0 15.46
18.0 15.0
18.0 14.44
18.0 13.92
18.0 14.14
18.0 14.86
18.0 14.76
18.0 14.34
18.0 15.9
19.0 15.38
18.0 15.18
18.0 15.36
18.0 15.36
19.0 13.6
18.0 14.92
18.0 15.68
18.0 15.6
18.0 15.44
19.0 14.58
19.0 14.52
19.0 16.68
18.0 15.34
18.0 15.58
19.0 16.62
19.0 15.8
19.0 16.32
18.0 14.24
19.0 16.62
19.0 15.64
19.0 15.06
19.0 16.14
19.0 16.42
18.0 14.78
19.0 16.04
18.0 15.7
18.0 13.96
19.0 16.4
19.0 15.64
19.0 15.54
18.0 15.18
19.0 15.64
18.0 15.16
19.0 15.24
19.0 15.06
19.0 14.92
19.0 15.92
19.0 15.4
19.0 15.44
19.0 14.56
19.0 15.52
19.0 15.74
19.0 14.42
19.0 16.88
19.0 16.1
19.0 16.0
19.0 15.92
19.0 15.0
19.0 14.84
19.0 14.14
19.0 15.12
19.0 15.22
19.0 15.78
19.0 15.64
19.0 15.86
20.0 16.56
18.0 15.48
19.0 16.94
19.0 15.58
20.0 14.52
19.0 16.34
20.0 16.38
20.0 16.8
20.0 14.88
20.0 16.98
20.0 16.64
20.0 15.1
20.0 16.46
20.0 16.2
19.0 16.5
19.0 15.76
20.0 17.3
19.0 15.24
20.0 16.44
20.0 17.16
19.0 16.32
20.0 16.68
20.0 16.62
20.0 16.42
20.0 15.96
20.0 15.2
20.0 15.52
20.0 16.08
20.0 15.68
20.0 16.64
20.0 16.32
20.0 15.62
20.0 16.2
20.0 15.04
20.0 15.62
19.0 15.32
20.0 16.18
20.0 16.82
20.0 14.36
20.0 16.28
20.0 17.76
20.0 16.2
20.0 16.1
20.0 15.56
20.0 16.1
19.0 16.66
20.0 16.64
20.0 15.68
20.0 15.42
20.0 15.78
20.0 15.54
20.0 16.36
20.0 16.2
20.0 16.82
