1 1.0 0.02564430499842274
1 1.0 0.02096567799890181
1 1.0 0.021642281997628743
1 1.0 0.01208403899363475
1 1.0 0.010271290009768563
1 2.0 0.011038365997592336
1 2.0 0.011092838996773935
1 2.0 0.010149048004677752
1 1.0 0.011822214009953314
1 2.0 0.010609250990455621
1 2.0 0.011549864006155985
2 2.0 0.011123373998998431
2 2.0 0.011723080995579949
2 2.0 0.010934668001937098
2 2.0 0.010309915003745118
1 3.0 0.011210369006221299
1 3.0 0.010520618003283744
1 3.0 0.011426993005443364
1 2.0 0.010144109011889668
1 3.0 0.010372574999564677
2 3.0 0.011136554998302017
2 3.0 0.01070240599619865
2 2.0 0.011590618003538111
2 3.0 0.01076493600703543
2 2.0 0.01141819499207486
2 3.0 0.011308344004646642
3 2.54 0.011324058990794583
2 3.0 0.01153883400183986
2 3.0 0.01046013899758691
3 3.0 0.011483921003673458
1 3.0 0.010398158994576079
1 4.0 0.011398598999221576
1 3.0 0.010669787990991608
1 4.0 0.01043682800627721
1 3.0 0.010399635988505906
2 4.0 0.010579789997791522
2 3.0 0.011548063001100672
2 3.0 0.010445505007737665
2 4.0 0.010895401994275744
2 3.0 0.01145515100688499
3 3.7 0.011555405990293366
3 4.0 0.011590579008043278
3 4.0 0.012090445005014772
3 3.68 0.01077909599916893
3 3.42 0.010692103995097568
4 3.44 0.012642372004847857
2 4.0 0.010554969991062535
4 3.28 0.013193491999118123
3 4.0 0.010849733003851725
3 4.0 0.012395322994052549
1 3.0 0.010348565998356207
1 3.0 0.01107027500620461
1 4.0 0.010786444010591367
1 5.0 0.010465373001352418
1 5.0 0.010868753011891386
2 4.0 0.010506776001420803
2 5.0 0.012149456000770442
2 4.48 0.010563179994278471
2 5.0 0.011766590003389865
2 4.0 0.011148560995934531
3 4.92 0.012191050989713403
3 4.72 0.011441586006185389
3 4.36 0.011165660002006916
3 4.0 0.0120625750059844
3 3.7 0.010883692990319105
3 4.0 0.01154254999346449
3 4.7 0.011011586002496188
4 3.52 0.012081203991328948
4 5.0 0.01218993899965426
4 4.22 0.012881981992904912
4 4.4 0.01082118299564172
4 4.0 0.01203365899345954
5 4.88 0.012028185996314278
5 4.5 0.0141975799924694
5 4.74 0.01180039700193447
1 5.0 0.012095286001567729
1 5.0 0.010195396005656221
1 6.0 0.010513495999475708
1 5.0 0.011077880999437184
1 4.0 0.010183288990447181
2 4.92 0.011475216988401371
2 5.0 0.010325759998522699
2 6.0 0.011287371004073066
2 4.0 0.011572709001484327
2 5.0 0.011984416991253966
3 6.0 0.010820322000654414
3 4.42 0.01054678200125636
3 5.6 0.011003836007148493
3 5.5 0.010761626002931735
3 5.0 0.01258591299483669
4 4.74 0.012467769996874267
4 5.0 0.012335442996118218
4 4.96 0.011772053998356569
3 5.12 0.01145911899220664
4 4.72 0.011691908999637235
5 4.98 0.012683936009125318
5 4.58 0.012627558993699495
4 5.28 0.012762500005919719
4 5.84 0.011750452993510407
5 4.56 0.012704327004030347
5 4.84 0.012356388995613088
6 6.0 0.015976438000507187
6 5.26 0.013015044996791403
5 5.5 0.0140902420043858
5 5.0 0.012770978997650673
1 4.0 0.010644312993463245
1 6.0 0.01030146100492857
1 7.0 0.011150676999022835
1 6.0 0.010658236997187487
1 6.0 0.011654539001028752
2 7.0 0.01086526600192883
2 6.0 0.01087327099594404
2 6.0 0.01079323400517751
2 6.0 0.010707629000535235
2 7.0 0.011489246006021858
3 6.0 0.011850062996018096
3 6.0 0.012735409998640534
3 5.0 0.010735387992099277
3 6.0 0.011976016996413819
3 5.0 0.011128122003356111
4 5.46 0.012138621999838506
4 6.08 0.012138570011302363
4 6.0 0.013015619995712768
4 6.4 0.012057126994477585
4 5.84 0.012418455014994834
5 5.8 0.012741314996674191
5 5.0 0.013835454999934882
5 5.76 0.012684586994510028
4 6.06 0.012724765994789777
5 5.68 0.012275681996470666
6 5.84 0.013730814995142282
5 6.72 0.012049040000420064
6 6.0 0.012882767996416078
6 6.06 0.012935261998791248
5 6.38 0.014153653002722422
6 6.02 0.014306843995655072
6 6.14 0.014686101992992917
6 6.04 0.012746571999741718
7 5.24 0.01566243499837583
6 5.44 0.014955072003431269
1 7.0 0.010141444008695544
1 7.0 0.01073511299546226
1 6.0 0.010879929004659061
1 8.0 0.010306632993888343
1 6.0 0.010951465003017802
2 7.0 0.010398087000794476
2 7.0 0.01116938598897832
2 7.0 0.010973612994348514
2 8.0 0.01154771800065646
2 5.62 0.010634580003170413
3 6.0 0.011821969001175603
3 6.0 0.01149979499678011
3 8.0 0.011024303998055984
3 7.56 0.011168483999426826
3 8.0 0.011950529000387178
4 7.0 0.012973007997061359
4 7.74 0.011897274998773355
4 6.54 0.012501984996561077
4 6.48 0.011653298008241109
4 6.26 0.012796948003597208
5 5.98 0.012076516999513842
5 6.96 0.01341166300153418
5 7.0 0.012283006000870955
5 6.56 0.014507065992802382
5 6.94 0.012067137993653887
6 7.0 0.013827123002556618
6 7.0 0.014088078991335351
6 6.84 0.014494592003757134
6 7.24 0.014088472995354095
6 6.76 0.013907710997955292
6 5.88 0.012829092000174569
7 7.08 0.0159111749890144
7 6.88 0.014465568996456568
6 6.7 0.013842362011928344
5 7.22 0.012173194003480603
8 6.82 0.016033195001000422
6 6.12 0.013654628002768732
8 6.4 0.01669869399847812
7 7.34 0.014257716997235548
8 6.7 0.015539535001153126
1 8.0 0.010316709003745927
1 8.0 0.010948746999929426
1 7.0 0.010153200002605445
1 8.0 0.010711374998209067
1 8.0 0.01066970799183764
2 9.0 0.011802498005636153
2 8.0 0.010506981001526583
2 8.0 0.010959870000078809
2 8.0 0.010796914008096792
2 8.96 0.010797980996358092
3 7.0 0.011750625002605375
3 6.9 0.010647673005223623
3 7.58 0.011922307998247561
3 7.0 0.011074993008151068
3 8.0 0.011705180993885733
4 8.0 0.012217970001074718
4 8.0 0.012371840004561818
4 7.0 0.012500212997110793
4 6.0 0.01317643400398083
4 7.76 0.012132550002206699
5 8.0 0.014114076002442744
5 7.2 0.013525479000236373
5 7.98 0.013947119994554669
5 7.0 0.01252985899191117
5 8.68 0.014101016993663507
5 7.72 0.0132115310007066
6 7.56 0.014761362008357537
6 7.1 0.01508067700524407
6 8.0 0.013977731992781628
6 8.02 0.014652130004833452
6 7.8 0.014008777989147347
5 8.26 0.013790086002700264
7 8.22 0.01874248800413625
5 7.96 0.012492993993873824
6 7.54 0.014384446998519707
7 6.72 0.016386973004046013
7 7.36 0.016987445998893236
8 7.1 0.01680034801029251
7 8.48 0.017815561997849727
6 6.52 0.01532047599357611
7 8.62 0.015426555997692049
8 7.28 0.014015833994562854
8 8.08 0.019237098003941355
7 8.0 0.014826296002866002
6 8.08 0.014739008991455194
1 9.0 0.0101864780044707
1 9.0 0.01163179299692274
1 8.0 0.010365332000219496
1 7.0 0.010985067008732585
1 8.0 0.010166994999963208
2 7.96 0.011327492986310972
2 9.0 0.011195043991392595
2 7.44 0.010224303003269597
2 9.0 0.010785357999338885
2 9.0 0.01050455499898817
3 8.0 0.012038684993967763
3 9.0 0.011207588986508199
3 8.0 0.0124750379982288
3 10.0 0.011440487995059812
3 8.16 0.011700735001795692
4 8.0 0.011435578007876757
4 9.3 0.012000725995676476
4 7.72 0.011537428996234667
4 9.0 0.011484313998153084
4 8.0 0.012323255992669147
4 7.96 0.012628798001969699
5 7.94 0.01259349899191875
5 8.0 0.01373558099658112
5 9.36 0.013004201004150673
4 9.6 0.012700844994469662
5 8.5 0.012630175995582249
6 8.4 0.015615390006132657
6 8.48 0.014312470000731992
6 9.0 0.016228100006628665
6 7.58 0.01409667400548642
7 8.02 0.014561701003913186
7 7.86 0.029029859992078855
7 8.06 0.016768337998655625
6 7.74 0.014390161990377237
7 8.34 0.01602034100142191
6 8.0 0.014267971990193473
7 7.44 0.016798212005596724
7 8.88 0.01674946600178373
8 9.18 0.02044927099632332
7 8.14 0.013551402995290118
7 7.78 0.017454440994697507
9 8.24 0.019878950990459998
7 9.7 0.015424312001414364
9 8.7 0.019000282989509287
9 8.1 0.02163135000409966
10 7.66 0.02352645099563233
10 8.18 0.023704267992798123
10 8.36 0.021190833005675813
9 8.54 0.02101877800305374
10 9.16 0.02217799299978651
1 8.0 0.010220691003269167
1 9.0 0.011387705006200122
1 9.0 0.010178531998462859
1 9.0 0.011353207004503929
1 9.0 0.010095373003423447
2 9.0 0.01180049099639291
2 10.0 0.010600348998195841
2 9.0 0.01155043098879105
2 9.0 0.010903336997216684
2 9.0 0.01073554799950216
3 9.0 0.012631884992515552
3 8.5 0.01070933799019258
3 11.0 0.011454012001195224
3 9.0 0.011282728999503888
3 9.38 0.012149742995461565
4 9.0 0.011781215995142702
4 9.5 0.012759732995618833
4 9.24 0.01184288500371622
4 7.16 0.01268194898875663
4 7.64 0.011730029989848845
5 9.0 0.013888270003008074
5 9.5 0.012531314003354055
5 7.96 0.012944539997988613
5 9.5 0.013773018001302262
5 10.16 0.013325324005563743
6 8.0 0.012857007994171
6 9.5 0.014364747012223233
6 9.12 0.01304501199774677
6 9.06 0.013598575002106372
6 9.18 0.01409788000091794
7 10.64 0.013151072991604451
7 8.6 0.01704391200655664
7 9.14 0.013604818002932006
7 9.1 0.01676045900421741
7 9.04 0.015263699993738555
7 9.78 0.01794575799976883
8 9.86 0.02000331199997163
7 9.24 0.016653245003908523
8 8.88 0.01908585400269658
8 7.9 0.01778379999632307
9 8.38 0.020068461997652776
9 10.0 0.02178945200648741
9 9.92 0.019704672989973915
8 9.12 0.016916248996494687
8 8.0 0.016516234003574937
9 8.88 0.019569932994272676
9 8.62 0.020159317007710342
8 9.52 0.019716375010830234
9 9.02 0.01893393499631202
8 9.36 0.014043280996702379
10 9.12 0.027465557997857104
8 9.44 0.018342147011935594
10 9.36 0.02130862600643013
10 8.06 0.021278114996675868
10 9.8 0.02179340800466889
2 11.0 0.01090922400362615
2 10.08 0.010498031002498465
2 10.0 0.011847551008031587
2 11.0 0.01073538200216717
2 10.0 0.011454102002971922
3 9.0 0.011394265999115305
3 11.0 0.012393954002618557
3 9.44 0.011032687994884327
3 10.0 0.011410889001126634
3 10.92 0.011120549997940543
4 10.54 0.01231111600100121
4 10.5 0.012165808993813698
4 9.08 0.01280728800338693
4 8.0 0.012584672000230057
4 10.2 0.01247719899583899
5 9.0 0.012369799000225612
5 9.98 0.014241434990253765
5 9.0 0.012485401990488754
5 9.64 0.013344320992473513
5 9.0 0.013405255996985943
6 10.16 0.014880785998684587
6 9.0 0.01382720399851678
6 11.3 0.015396873999634408
6 11.66 0.014951491009924212
6 8.58 0.014803914995354717
7 8.54 0.017732467989844736
7 9.92 0.015724062011940987
7 10.24 0.01686857200002123
7 10.84 0.015492458005610388
7 9.32 0.016686350001691608
8 10.66 0.017581122996489285
8 9.18 0.01923062500100059
8 8.86 0.01977346499916166
7 9.16 0.016241665001871297
8 10.7 0.022468390005087713
8 11.0 0.018737092999799643
9 9.46 0.02006738999807567
9 9.92 0.023508438009230304
9 10.22 0.0196764600041206
9 10.08 0.020723242005260545
10 9.84 0.03549190100602573
9 9.08 0.019720584996321122
10 9.64 0.023315646996707073
9 10.38 0.023898602006738656
8 9.6 0.019469896998998593
11 10.34 0.03002490699873306
9 10.3 0.02054106099785713
8 8.84 0.016874723991350038
10 10.44 0.027162115004102816
9 10.48 0.02278898798977025
11 10.34 0.025226286003089626
12 10.18 0.03250324700456986
11 10.4 0.023696086002019
11 10.16 0.026654453000446665
10 9.6 0.021671658016202855
3 9.0 0.011036863998015178
3 10.4 0.011815165997177246
3 12.0 0.011510184998769546
3 11.94 0.01255860300261702
3 12.0 0.011157889999594772
4 11.28 0.01284108699655917
4 11.98 0.012236988008226035
4 9.76 0.012230759995873086
4 11.0 0.011391871006708243
4 12.0 0.013045799001702107
5 10.0 0.012838000993724563
5 9.8 0.013885356000173488
5 10.8 0.013822006996633718
5 10.68 0.013361428003918263
5 10.74 0.012396557998727076
6 10.16 0.014175055008308846
6 10.92 0.013829886996973073
6 10.64 0.015835676995266112
6 12.2 0.01516760000231443
6 11.0 0.012611369998921873
7 11.1 0.01713186700362712
7 11.28 0.016630849999273778
7 10.36 0.01719839498946385
7 11.84 0.01751297400915064
7 10.22 0.01646917200923781
7 10.82 0.017000156996800797
8 10.98 0.016557009010284673
7 9.6 0.01567787100066198
8 11.22 0.018001877993810922
8 11.52 0.01954002000275068
8 12.22 0.018484049005564884
9 10.44 0.021222038001724286
8 11.38 0.017608593001568806
9 10.12 0.020282038994992035
8 12.06 0.01810300999932224
10 10.26 0.026043407997349277
9 10.38 0.018998462004674366
10 11.22 0.022036746004232555
10 10.62 0.02524393699968641
10 10.76 0.027580354011661257
9 11.66 0.024650348001159728
7 10.96 0.016960926997853676
11 9.86 0.021363813000789378
11 10.74 0.02919200200449268
10 11.46 0.022281703997578006
12 10.58 0.025686095003038645
10 11.7 0.02570315100638254
11 11.2 0.030656329001431004
11 10.02 0.028313890003119013
11 11.14 0.03085995200490288
12 10.08 0.026063496006827336
12 11.06 0.03280071399422013
10 10.76 0.025869506998787983
11 10.34 0.030326078998768935
11 11.06 0.027177709012903506
4 13.0 0.012388609995468869
4 11.18 0.012129794995416887
4 11.78 0.01160768400222878
4 12.0 0.011447013999713818
4 12.68 0.012011025988613255
5 12.0 0.013622228008898674
5 11.12 0.012803345010979683
5 10.58 0.012641389990676544
5 12.42 0.013987455005917582
5 11.66 0.012641707005968783
6 11.8 0.01413478099857457
6 13.0 0.013687984996067826
6 11.92 0.015493334005441284
6 13.12 0.014564786994014867
6 11.58 0.014419489007195807
7 12.88 0.018066810001982958
7 11.0 0.015006007006377331
7 10.56 0.016478161000122782
7 13.26 0.015930713998386636
7 11.28 0.01708488501026295
8 11.98 0.018952862999867648
8 11.16 0.017450237000957713
8 10.38 0.018018519003817346
8 11.56 0.019070297998041497
8 11.14 0.01727892700182565
9 11.6 0.022327037004288286
8 10.78 0.01748527100608044
7 10.28 0.01652722501421522
8 11.68 0.018644389007022255
9 11.02 0.019553170996005065
10 10.54 0.025709607994940598
10 11.76 0.02099062800152751
9 13.0 0.021980959998472827
10 12.64 0.024022322004384478
10 11.66 0.02364575699357374
10 13.24 0.02209863700227288
9 10.5 0.022851555000670487
10 11.92 0.02855790300964145
11 11.38 0.03254269100398233
10 12.06 0.026103148002221133
10 10.6 0.030503866997605655
10 12.12 0.027293717002976337
10 10.26 0.030847591002384434
11 12.28 0.02745741099897714
12 11.38 0.028024125000229105
13 11.28 0.036905991999446996
11 11.48 0.03382938300637761
9 11.38 0.018593831999169197
12 11.7 0.032193909009947674
11 12.12 0.032342776996301836
11 11.02 0.0259005999960209
12 9.34 0.028280000002268935
12 12.24 0.048327388998586684
14 11.7 0.03731210601290513
13 11.9 0.030547465999916312
5 10.76 0.012683936995017575
5 13.08 0.012426729990693275
5 13.66 0.013617313008580822
5 13.46 0.013188221997552318
5 13.02 0.013629865003167652
6 11.98 0.013090566004393622
6 13.54 0.015294017000996973
6 11.7 0.014036570006283
6 11.48 0.017430854999474832
6 11.74 0.01454359600211319
7 13.26 0.015764841002237517
7 14.14 0.017617943991353968
7 12.98 0.01768606499717862
7 12.48 0.01805189399055962
7 12.48 0.01676579400191258
8 12.02 0.018621626993990503
8 11.84 0.019467705005808966
8 12.34 0.018123543000911013
8 12.36 0.02169010900433932
8 12.56 0.017289535997406347
9 12.6 0.02064494200567424
8 12.14 0.021970858999338816
9 12.4 0.023197994001748157
9 11.54 0.020288746989535866
9 13.26 0.020333310010755667
9 12.9 0.023946117999003036
10 13.22 0.023214634995383676
9 13.0 0.02380187000380829
9 13.5 0.01941595200150914
10 13.22 0.023879588008639985
10 12.2 0.025259971002014936
11 12.12 0.028318911989117623
10 10.7 0.0274577330055763
11 12.44 0.03217370800484787
10 11.92 0.023643966998861288
11 11.8 0.02885325500392355
12 12.8 0.03155242399770941
12 11.74 0.029938752002635738
11 12.48 0.02337214699582546
10 12.86 0.027087229003882385
11 12.2 0.036632879007811425
11 12.24 0.02914024699384754
13 10.82 0.039465871999709634
12 12.94 0.02401408200057631
13 12.5 0.04017738000038662
13 13.24 0.046020958998269634
13 12.14 0.03984557500007213
14 12.92 0.04779820400108292
11 12.48 0.02418984199539409
13 12.56 0.04250463300559204
12 11.98 0.0328957449983136
15 12.46 0.04581572499228059
14 11.78 0.039108434997615404
14 12.06 0.03735686000982241
12 12.54 0.03331486399292771
6 13.06 0.0137055320028594
6 13.76 0.01480277699920407
6 11.92 0.013619902001664741
6 13.64 0.013955199003248708
6 13.02 0.015037330000268412
7 11.0 0.015742583995233872
7 12.52 0.01765696599977673
7 12.72 0.01725158599583665
7 12.24 0.016819515007227892
7 12.94 0.016146099003890413
7 13.38 0.01473059199815907
8 13.76 0.020984553999369382
8 12.7 0.01767974400172534
8 14.16 0.017714508987410227
8 14.62 0.032369988004575134
9 13.44 0.021733333996962756
9 13.88 0.021402205991762457
9 13.4 0.02118256599715096
9 12.84 0.023462210005163797
9 13.5 0.02204105398595857
10 13.2 0.025907772998834844
10 12.8 0.02373473199804721
9 14.0 0.020348474994534627
10 13.48 0.02347238000766083
10 13.44 0.027694981996319257
11 13.66 0.02795094399698428
11 13.54 0.02868666399990616
11 13.22 0.02835438099828025
10 11.8 0.0242341920020408
11 12.8 0.02085082199664612
12 14.28 0.037965315003020805
11 12.64 0.027778298002886004
10 13.36 0.027230593012063764
12 13.82 0.03227996399800759
12 11.96 0.031171870998150553
11 12.86 0.02847712399852753
13 14.14 0.04297892400427372
13 15.02 0.04002190400206018
10 14.02 0.02587023600608518
10 12.36 0.02242635299626272
13 13.0 0.039993017993765534
13 12.74 0.033532147002915735
13 12.12 0.03381899600208271
13 13.78 0.04364785800680693
14 12.2 0.04139686199778225
13 12.76 0.03929169399270904
14 13.34 0.04942982199827384
14 13.12 0.04567340099492867
13 13.56 0.04475974999877508
15 12.62 0.06284836900704249
14 12.66 0.04462853999939398
14 13.88 0.042406239996125805
14 13.96 0.050047132004692685
14 13.86 0.04799224300040805
13 13.96 0.050551689995700144
7 12.88 0.015703775015936117
7 13.18 0.01820406099977845
7 12.72 0.01618082099230378
7 14.34 0.01692239801377582
7 15.0 0.015418369997860282
8 14.72 0.018099676995916525
8 14.2 0.020647553999879165
8 14.02 0.017963561998840305
7 13.48 0.016385486002036487
8 14.0 0.0220100989954517
8 15.96 0.020130689003053703
8 13.78 0.01661327900183096
9 13.68 0.02007550199414254
9 14.54 0.02389678899817227
9 13.74 0.018320207997021498
10 13.54 0.02458145801574574
10 12.44 0.025697579005282023
9 14.06 0.022134919003292453
10 14.3 0.025265023008614662
10 13.54 0.02013155500026187
11 15.48 0.04013978499460791
10 15.1 0.022261545002038474
11 14.68 0.028256649005925283
11 13.62 0.027555717002542224
10 14.12 0.02713738300917612
12 12.72 0.041023565996511024
12 13.62 0.028719730995362625
12 14.64 0.03400562599381374
12 12.84 0.033640759998888825
11 13.3 0.026703073010139633
12 14.42 0.033179426989590866
13 14.54 0.039413182998032426
13 11.98 0.03715253899281379
12 14.88 0.03231226999196224
12 13.74 0.03293851199850906
11 14.88 0.032586713994533056
13 13.84 0.03235267499439942
14 14.38 0.039332147000095574
14 14.78 0.03663454000343336
12 13.3 0.035704907997569535
15 14.38 0.046954512003139826
15 14.06 0.06235125200328184
15 15.48 0.07119667999904777
13 13.74 0.04386253299890086
14 14.06 0.044672703012111015
15 14.06 0.04220498000177031
15 12.64 0.05612479600495135
15 13.62 0.0648296159979509
13 14.46 0.04474954099350725
14 13.46 0.05605229299180792
16 13.88 0.06993894999504846
16 13.78 0.04894709098698513
15 13.86 0.033010057002684334
16 13.94 0.05213205100335472
15 14.0 0.04565105500478239
8 15.5 0.020683386999735376
8 14.9 0.020012498998767114
8 13.54 0.0191875349937618
8 13.96 0.018439419001879287
8 13.42 0.020174659997792332
9 14.5 0.027252314001088962
9 14.1 0.023078502992575523
8 14.9 0.022217262003323413
9 14.94 0.02719616899776156
9 13.12 0.023640142009753617
10 15.08 0.02684702399710659
10 15.58 0.025730617002409417
10 13.58 0.02328728398788371
9 13.72 0.021659916998032713
10 15.32 0.025802130005104118
11 14.58 0.02927056099906622
11 14.1 0.03252034599609033
11 14.2 0.034035387996482314
11 14.3 0.027713386003597407
11 15.02 0.027652530996419955
12 14.56 0.03334978600287286
12 14.98 0.036190429997077445
12 15.22 0.036156661006316426
12 13.76 0.03590336400156957
12 15.28 0.031902757997158915
13 14.68 0.04274616399379738
12 15.22 0.03735259600216523
13 14.26 0.04022696599349729
13 15.42 0.042353161003120476
13 14.44 0.04605156000070565
14 15.58 0.051315689999682945
12 14.92 0.038306456995996996
13 13.92 0.040811467999446904
12 14.42 0.03174158699403051
13 14.78 0.04066054200666258
12 14.78 0.040571399991677026
12 14.58 0.03765898899473541
14 14.18 0.05462363700280548
15 15.76 0.04678733800028567
14 16.2 0.05260915300459601
14 15.68 0.05172993400628911
14 15.24 0.054954975996224675
13 15.0 0.04453891999764892
13 15.92 0.03819208100321703
14 15.22 0.05076555800224014
13 13.88 0.03532120300224051
15 13.92 0.044410336995497346
15 15.46 0.04824078799174458
15 15.0 0.04525535100401612
17 14.44 0.07902650599680783
17 13.92 0.0756530280032166
18 14.14 0.06451228900186834
15 14.86 0.0520575359932991
17 14.76 0.0683045689966093
16 14.34 0.06210373800058733
9 15.9 0.022095928994531278
9 15.38 0.022326617005091975
9 15.18 0.022447466986704967
9 15.36 0.02487409299465071
9 15.36 0.02886481600580737
10 13.6 0.022157365992825362
10 14.92 0.026841850007258472
10 15.68 0.030308418998174602
10 15.6 0.02621318200181122
10 15.44 0.025836531998720602
10 14.58 0.02299908500390302
11 14.52 0.02779206499872089
11 16.68 0.03249264800433593
10 15.34 0.024721599991607945
10 15.58 0.02423342598922318
12 16.62 0.0368638199979614
12 15.8 0.032480298998052604
12 16.32 0.031104217003303347
11 14.24 0.02969312200366403
11 16.62 0.03007504000561312
13 15.64 0.043175935994440806
13 15.06 0.04172183000082441
12 16.14 0.03710026999397087
11 16.42 0.03778296800737735
12 14.78 0.032516887002202566
13 16.04 0.03400937900187273
14 15.7 0.04692062599679048
14 13.96 0.05179811400194012
13 16.4 0.04610807100289094
14 15.64 0.05315225500089582
15 15.54 0.053320126000471646
13 15.18 0.04283934800150746
13 15.64 0.04311774199413776
13 15.16 0.0538671929971315
15 15.24 0.050427984995621955
15 15.06 0.06121172899474914
15 14.92 0.0562970100036182
16 15.92 0.08848030198714696
13 15.4 0.04651337998802774
14 15.44 0.04483413899833977
16 14.56 0.06768730099975073
16 15.52 0.04751798600955226
17 15.74 0.07771869599673664
17 14.42 0.07126099000015529
15 16.88 0.05243910400167806
14 16.1 0.04243871499420493
17 16.0 0.06659691999993811
16 15.92 0.06701188900115085
16 15.0 0.06763807399511279
16 14.84 0.06721421199654287
17 14.14 0.09891566800069995
18 15.12 0.061371868001515395
17 15.22 0.07415925899840659
15 15.78 0.06847338599618524
14 15.64 0.03222997999182553
10 15.86 0.024229379998359946
10 16.56 0.026092039999639383
10 15.48 0.024485372992785415
10 16.94 0.024799916001938982
10 15.58 0.029614437993586762
11 14.52 0.032675540996933705
10 16.34 0.030065191007452086
10 16.38 0.026225294002870214
11 16.8 0.03384462000212807
11 14.88 0.029702217992962687
12 16.98 0.034323708998272195
12 16.64 0.043471521998071694
12 15.1 0.03486808399975416
12 16.46 0.03526174399848969
12 16.2 0.04302157300298859
12 16.5 0.04814729500321846
12 15.76 0.044669209000858245
13 17.3 0.03779757800111838
12 15.24 0.03881602200817724
13 16.44 0.04307373799747438
13 17.16 0.039422965000994736
14 16.32 0.052722868995260797
12 16.68 0.034641166999790585
14 16.62 0.05745361499248247
13 16.42 0.04364674499629473
14 15.96 0.03855512499467295
14 15.2 0.06268411699966236
13 15.52 0.046493511990775005
14 16.08 0.0536676650026493
14 15.68 0.05527217600683798
13 16.64 0.04676625599859108
14 16.32 0.06640839700958168
15 15.62 0.05963902100120322
16 16.2 0.07519806299205811
16 15.04 0.098050834994865
16 15.62 0.05869263398744806
15 15.32 0.06712010098999599
15 16.18 0.05820351599868445
14 16.82 0.03876536399911856
15 14.36 0.058303132998844376
13 16.28 0.04745380999884219
17 17.76 0.07404958000006445
16 16.2 0.06937840300088283
16 16.1 0.07733122499666933
16 15.56 0.1118606519921741
18 16.1 0.11011841499748698
16 16.66 0.0694936170039
15 16.64 0.05233275599312037
16 15.68 0.06019840299086354
17 15.42 0.06982527400032268
17 15.78 0.08371763600371196
20 15.54 0.07934317800391
17 16.36 0.059304215994416154
18 16.2 0.09509292399889091
18 16.82 0.08442173900584748
